,state_fips,county_fips,white,black,native,asian,pacific,other,county_name,state_name,fips
0,5,131,76.62,6.38,1.88,4.06,0.09,10.98,Sebastian County,Arkansas,05131
1,5,133,70.05,4.3,2.33,0.37,0.02,22.92,Sevier County,Arkansas,05133
2,5,135,96.05,0.54,0.98,0.29,0.01,2.13,Sharp County,Arkansas,05135
3,5,137,96.78,0.09,0.68,0.36,0.03,2.06,Stone County,Arkansas,05137
4,5,139,63.1,32.95,0.34,0.5,0.03,3.07,Union County,Arkansas,05139
5,5,141,95.97,0.39,0.69,0.32,0.01,2.61,Van Buren County,Arkansas,05141
6,5,143,79.9,2.96,1.18,2.17,2.03,11.75,Washington County,Arkansas,05143
7,5,145,91.37,3.99,0.58,0.54,0.05,3.47,White County,Arkansas,05145
8,5,149,86.66,1.38,0.67,1.29,0.05,9.94,Yell County,Arkansas,05149
9,6,11,64.68,0.91,1.96,1.31,0.32,30.82,Colusa County,California,06011
10,6,7,81.86,1.55,2.0,4.12,0.21,10.27,Butte County,California,06007
11,6,1,42.98,12.61,0.65,26.13,0.85,16.79,Alameda County,California,06001
12,6,3,74.98,0.0,20.43,0.6,0.0,4.0,Alpine County,California,06003
13,6,5,87.03,2.53,1.78,1.1,0.2,7.37,Amador County,California,06005
14,6,9,88.91,0.84,1.51,1.25,0.17,7.31,Calaveras County,California,06009
15,6,13,58.58,9.26,0.58,14.44,0.46,16.67,Contra Costa County,California,06013
16,6,15,73.74,3.47,7.84,3.37,0.11,11.46,Del Norte County,California,06015
17,6,31,54.27,7.2,1.67,3.67,0.18,33.0,Kings County,California,06031
18,6,21,71.08,0.82,2.2,2.57,0.09,23.24,Glenn County,California,06021
19,6,23,81.65,1.12,5.74,2.19,0.26,9.04,Humboldt County,California,06023
20,6,25,58.76,3.31,1.75,1.63,0.09,34.46,Imperial County,California,06025
21,6,17,86.6,0.78,1.14,3.48,0.16,7.84,El Dorado County,California,06017
22,6,19,55.37,5.32,1.68,9.6,0.15,27.88,Fresno County,California,06019
23,6,27,74.09,0.59,11.44,1.31,0.09,12.49,Inyo County,California,06027
24,6,29,59.52,5.83,1.51,4.15,0.15,28.84,Kern County,California,06029
25,6,43,88.23,0.76,2.89,1.12,0.14,6.87,Mariposa County,California,06043
26,6,33,80.47,1.91,3.17,1.12,0.17,13.17,Lake County,California,06033
27,6,35,73.17,8.12,3.54,1.02,0.47,13.68,Lassen County,California,06035
28,6,37,50.28,8.73,0.74,13.72,0.27,26.27,Los Angeles County,California,06037
29,6,39,62.61,3.73,2.74,1.86,0.11,28.95,Madera County,California,06039
30,6,41,80.01,2.77,0.6,5.45,0.2,10.96,Marin County,California,06041
31,6,59,60.82,1.69,0.6,17.87,0.31,18.72,Orange County,California,06059
32,6,45,76.52,0.71,4.87,1.65,0.14,16.11,Mendocino County,California,06045
33,6,47,58.01,3.88,1.36,7.36,0.23,29.16,Merced County,California,06047
34,6,49,83.46,0.85,3.82,0.81,0.22,10.85,Modoc County,California,06049
35,6,51,82.36,0.33,2.13,1.35,0.08,13.75,Mono County,California,06051
36,6,53,55.59,3.08,1.32,6.09,0.5,33.43,Monterey County,California,06053
37,6,55,71.46,1.95,0.78,6.76,0.27,18.78,Napa County,California,06055
38,6,57,91.36,0.39,1.06,1.2,0.11,5.87,Nevada County,California,06057
39,6,71,56.66,8.94,1.11,6.32,0.34,26.63,San Bernardino County,California,06071
40,6,67,57.45,10.37,1.01,14.32,0.98,15.87,Sacramento County,California,06067
41,6,69,63.65,0.87,1.62,2.61,0.17,31.07,San Benito County,California,06069
42,6,61,83.51,1.36,0.86,5.86,0.22,8.17,Placer County,California,06061
43,6,63,88.95,0.96,2.69,0.67,0.09,6.63,Plumas County,California,06063
44,6,65,60.98,6.42,1.08,5.96,0.31,25.25,Riverside County,California,06065
45,1,1,78.53,17.67,0.43,0.87,0.06,2.45,Autauga County,Alabama,01001
46,1,7,75.85,22.02,0.28,0.1,0.06,1.69,Bibb County,Alabama,01007
47,1,17,58.78,38.75,0.2,0.49,0.03,1.75,Chambers County,Alabama,01017
48,1,19,92.66,4.65,0.52,0.21,0.0,1.96,Cherokee County,Alabama,01019
49,1,25,54.47,43.88,0.4,0.3,0.02,0.94,Clarke County,Alabama,01025
50,1,13,54.42,43.42,0.29,0.84,0.03,1.0,Butler County,Alabama,01013
51,1,9,92.58,1.33,0.54,0.2,0.07,5.29,Blount County,Alabama,01009
52,1,11,22.97,70.24,0.21,0.18,0.39,6.0,Bullock County,Alabama,01011
53,1,21,84.12,9.69,0.36,0.3,0.13,5.41,Chilton County,Alabama,01021
54,1,23,55.78,43.38,0.13,0.09,0.0,0.62,Choctaw County,Alabama,01023
55,1,37,66.28,31.04,0.35,0.14,0.13,2.06,Coosa County,Alabama,01037
56,1,27,81.68,14.83,0.39,0.17,0.0,2.92,Clay County,Alabama,01027
57,1,29,94.04,3.33,0.34,0.15,0.07,2.08,Cleburne County,Alabama,01029
58,1,31,74.74,16.74,1.29,1.29,0.2,5.75,Coffee County,Alabama,01031
59,1,35,51.32,46.48,0.33,0.13,0.01,1.73,Conecuh County,Alabama,01035
60,1,33,80.45,16.11,0.49,0.42,0.04,2.49,Colbert County,Alabama,01033
61,1,53,62.07,31.89,3.36,0.24,0.03,2.41,Escambia County,Alabama,01053
62,1,39,84.79,12.49,0.57,0.41,0.0,1.74,Covington County,Alabama,01039
63,1,41,72.61,23.4,0.41,1.36,0.06,2.16,Crenshaw County,Alabama,01041
64,1,43,94.69,1.06,0.51,0.43,0.02,3.29,Cullman County,Alabama,01043
65,1,45,74.1,19.26,0.74,1.06,0.09,4.75,Dale County,Alabama,01045
66,1,47,29.14,69.43,0.19,0.34,0.03,0.87,Dallas County,Alabama,01047
67,1,49,84.5,1.52,1.36,0.29,0.21,12.13,DeKalb County,Alabama,01049
68,1,51,76.23,20.05,0.36,0.65,0.08,2.63,Elmore County,Alabama,01051
69,1,65,39.76,59.02,0.16,0.22,0.01,0.84,Hale County,Alabama,01065
70,1,55,80.27,15.13,0.43,0.64,0.16,3.37,Etowah County,Alabama,01055
71,1,57,86.48,11.42,0.3,0.21,0.0,1.58,Fayette County,Alabama,01057
72,1,59,83.02,3.87,0.68,0.2,0.03,12.2,Franklin County,Alabama,01059
73,1,61,86.33,9.48,0.84,0.25,0.03,3.08,Geneva County,Alabama,01061
74,1,63,17.41,81.48,0.19,0.17,0.0,0.75,Greene County,Alabama,01063
75,1,81,71.31,22.75,0.32,2.61,0.07,2.95,Lee County,Alabama,01081
76,1,67,68.58,28.56,0.33,0.31,0.01,2.21,Henry County,Alabama,01067
77,1,69,69.97,25.78,0.44,0.81,0.05,2.96,Houston County,Alabama,01069
78,1,71,90.83,3.35,1.35,0.35,0.09,4.03,Jackson County,Alabama,01071
79,1,73,53.03,42.0,0.26,1.39,0.04,3.29,Jefferson County,Alabama,01073
80,1,75,86.69,11.28,0.16,0.03,0.01,1.82,Lamar County,Alabama,01075
81,1,77,86.41,9.99,0.36,0.74,0.04,2.46,Lauderdale County,Alabama,01077
82,1,79,77.6,11.47,5.69,0.12,0.02,5.1,Lawrence County,Alabama,01079
83,1,99,55.13,41.68,1.13,0.29,0.04,1.73,Monroe County,Alabama,01099
84,1,83,80.34,12.6,0.66,1.12,0.05,5.24,Limestone County,Alabama,01083
85,1,85,25.3,73.55,0.22,0.12,0.0,0.81,Lowndes County,Alabama,01085
86,1,87,15.47,82.64,0.14,0.35,0.01,1.38,Macon County,Alabama,01087
87,1,89,68.18,24.01,0.76,2.47,0.11,4.47,Madison County,Alabama,01089
88,1,91,46.37,51.7,0.16,0.25,0.06,1.45,Marengo County,Alabama,01091
89,1,93,93.55,3.85,0.33,0.18,0.05,2.05,Marion County,Alabama,01093
90,1,97,60.21,34.62,0.89,1.83,0.05,2.4,Mobile County,Alabama,01097
91,1,95,87.58,1.61,0.76,0.51,0.11,9.43,Marshall County,Alabama,01095
92,1,115,88.21,8.55,0.34,0.62,0.06,2.22,St. Clair County,Alabama,01115
93,1,101,39.53,54.71,0.26,2.1,0.07,3.33,Montgomery County,Alabama,01101
94,1,103,79.84,11.87,0.87,0.58,0.09,6.75,Morgan County,Alabama,01103
95,1,105,30.25,68.7,0.16,0.28,0.05,0.56,Perry County,Alabama,01105
96,1,107,56.26,41.58,0.14,0.18,0.01,1.82,Pickens County,Alabama,01107
97,1,109,58.19,36.64,0.58,1.99,0.07,2.53,Pike County,Alabama,01109
98,1,111,76.52,20.11,0.37,0.24,0.02,2.75,Randolph County,Alabama,01111
99,1,113,53.73,41.81,0.41,0.45,0.21,3.39,Russell County,Alabama,01113
100,1,127,91.23,5.86,0.37,0.29,0.05,2.19,Walker County,Alabama,01127
101,1,117,83.01,10.63,0.28,1.91,0.04,4.13,Shelby County,Alabama,01117
102,1,119,24.17,74.95,0.08,0.24,0.03,0.53,Sumter County,Alabama,01119
103,1,121,65.3,31.66,0.32,0.41,0.01,2.29,Talladega County,Alabama,01121
104,1,123,69.89,26.63,0.29,0.47,0.02,2.69,Tallapoosa County,Alabama,01123
105,1,125,66.27,29.6,0.27,1.18,0.06,2.62,Tuscaloosa County,Alabama,01125
106,2,90,77.04,4.53,7.05,2.66,0.41,8.32,Fairbanks North Star Borough,Alaska,02090
107,1,129,65.46,24.91,8.03,0.11,0.07,1.42,Washington County,Alabama,01129
108,1,131,26.79,72.54,0.12,0.03,0.01,0.51,Wilcox County,Alabama,01131
109,1,133,95.61,0.47,0.67,0.25,0.11,2.9,Winston County,Alabama,01133
110,2,13,21.01,6.97,27.89,35.98,0.6,7.55,Aleutians East Borough,Alaska,02013
111,2,16,36.04,5.97,15.41,28.88,1.85,11.85,Aleutians West Census Area,Alaska,02016
112,2,68,89.65,0.55,3.56,1.04,0.05,5.15,Denali Borough,Alaska,02068
113,2,70,18.11,0.23,71.59,0.66,0.12,9.28,Dillingham Census Area,Alaska,02070
114,2,60,48.24,0.0,33.5,0.8,0.3,17.15,Bristol Bay Borough,Alaska,02060
115,8,23,68.02,0.68,2.95,0.96,0.26,27.13,Costilla County,Colorado,08023
116,8,25,77.43,9.6,2.39,1.01,0.0,9.57,Crowley County,Colorado,08025
117,8,27,95.3,1.03,0.71,0.38,0.0,2.59,Custer County,Colorado,08027
118,8,29,89.69,0.52,0.95,0.52,0.05,8.27,Delta County,Colorado,08029
119,8,31,68.93,10.24,1.37,3.4,0.1,15.95,Denver County,Colorado,08031
120,8,35,90.24,1.22,0.41,3.75,0.07,4.31,Douglas County,Colorado,08035
121,8,33,93.02,0.19,2.91,0.1,0.1,3.68,Dolores County,Colorado,08033
122,8,49,93.49,0.38,0.49,0.84,0.05,4.74,Grand County,Colorado,08049
123,8,39,94.69,0.71,0.66,0.75,0.11,3.08,Elbert County,Colorado,08039
124,8,41,79.75,6.19,0.96,2.74,0.35,10.02,El Paso County,Colorado,08041
125,8,43,90.18,3.94,1.73,0.6,0.05,3.51,Fremont County,Colorado,08043
126,8,45,82.23,0.68,1.13,0.66,0.08,15.22,Garfield County,Colorado,08045
127,8,47,94.78,0.51,0.75,1.42,0.18,2.35,Gilpin County,Colorado,08047
128,8,69,90.53,0.83,0.74,1.94,0.07,5.88,Larimer County,Colorado,08069
129,8,51,92.35,0.31,1.36,0.65,0.03,5.3,Gunnison County,Colorado,08051
130,8,53,95.14,0.36,1.07,0.36,0.0,3.08,Hinsdale County,Colorado,08053
131,8,55,82.85,0.52,3.19,0.37,0.19,12.87,Huerfano County,Colorado,08055
132,8,57,92.54,0.0,1.22,0.07,0.0,6.17,Jackson County,Colorado,08057
133,8,59,88.43,1.06,0.88,2.63,0.09,6.92,Jefferson County,Colorado,08059
134,8,61,96.28,0.29,0.5,0.0,0.0,2.93,Kiowa County,Colorado,08061
135,8,63,88.46,2.72,0.71,0.44,0.08,7.58,Kit Carson County,Colorado,08063
136,8,65,80.68,0.37,1.33,0.45,0.05,17.11,Lake County,Colorado,08065
137,8,71,83.62,1.41,2.42,0.71,0.05,11.8,Las Animas County,Colorado,08071
138,8,67,86.78,0.4,5.82,0.56,0.06,6.39,La Plata County,Colorado,08067
139,8,87,79.41,2.87,0.84,0.5,0.11,16.28,Morgan County,Colorado,08087
140,8,73,89.04,5.3,0.93,0.79,0.04,3.9,Lincoln County,Colorado,08073
141,8,75,89.01,3.96,1.16,0.56,0.07,5.24,Logan County,Colorado,08075
142,8,77,89.41,0.64,1.06,0.76,0.11,8.02,Mesa County,Colorado,08077
143,8,79,97.33,0.28,0.56,0.14,0.0,1.69,Mineral County,Colorado,08079
144,8,81,90.05,0.3,0.88,0.56,0.05,8.16,Moffat County,Colorado,08081
145,8,83,81.08,0.23,12.25,0.47,0.05,5.92,Montezuma County,Colorado,08083
146,8,85,86.74,0.39,1.08,0.62,0.06,11.11,Montrose County,Colorado,08085
147,8,99,80.99,0.51,0.89,0.3,0.02,17.29,Prowers County,Colorado,08099
148,8,89,78.53,0.76,1.79,0.76,0.06,18.1,Otero County,Colorado,08089
149,8,91,96.42,0.16,0.38,0.56,0.11,2.37,Ouray County,Colorado,08091
150,8,93,94.73,0.43,0.94,0.64,0.01,3.26,Park County,Colorado,08093
151,8,95,89.17,0.41,0.45,0.59,0.11,9.28,Phillips County,Colorado,08095
152,8,97,93.47,0.54,0.26,1.21,0.07,4.45,Pitkin County,Colorado,08097
153,8,111,92.56,0.0,0.29,1.14,0.0,6.01,San Juan County,Colorado,08111
154,8,107,94.77,0.42,0.46,0.64,0.07,3.64,Routt County,Colorado,08107
155,8,109,82.25,0.23,1.87,0.77,0.02,14.87,Saguache County,Colorado,08109
156,8,101,79.36,2.03,1.92,0.79,0.1,15.8,Pueblo County,Colorado,08101
157,8,103,91.85,0.75,0.89,0.33,0.17,6.02,Rio Blanco County,Colorado,08103
158,8,105,78.28,0.36,1.84,0.35,0.02,19.16,Rio Grande County,Colorado,08105
159,9,1,74.81,10.83,0.26,4.61,0.05,9.43,Fairfield County,Connecticut,09001
160,8,113,92.91,0.39,0.77,0.72,0.05,5.15,San Miguel County,Colorado,08113
161,8,115,92.22,0.34,0.42,0.71,0.0,6.31,Sedgwick County,Colorado,08115
162,8,117,89.67,0.82,0.31,0.99,0.07,8.13,Summit County,Colorado,08117
163,8,119,94.25,0.47,0.91,0.71,0.09,3.57,Teller County,Colorado,08119
164,8,121,95.31,0.62,0.15,0.23,0.06,3.64,Washington County,Colorado,08121
165,8,123,82.9,0.98,1.11,1.2,0.09,13.73,Weld County,Colorado,08123
166,8,125,88.23,0.18,0.5,0.23,0.03,10.83,Yuma County,Colorado,08125
167,9,5,93.86,1.35,0.21,1.53,0.02,3.02,Litchfield County,Connecticut,09005
168,9,3,72.4,13.33,0.27,4.25,0.03,9.73,Hartford County,Connecticut,09003
169,9,7,89.22,4.66,0.15,2.56,0.04,3.36,Middlesex County,Connecticut,09007
170,9,15,89.59,2.21,0.47,1.17,0.04,6.52,Windham County,Connecticut,09015
171,10,1,67.77,23.97,0.64,2.04,0.06,5.52,Kent County,Delaware,10001
172,9,9,74.75,12.74,0.29,3.51,0.04,8.67,New Haven County,Connecticut,09009
173,9,11,82.18,5.85,0.91,4.15,0.07,6.84,New London County,Connecticut,09011
174,9,13,89.81,3.28,0.17,3.36,0.02,3.35,Tolland County,Connecticut,09013
175,10,5,78.96,12.74,0.79,0.99,0.08,6.45,Sussex County,Delaware,10005
176,11,1,38.47,50.71,0.35,3.5,0.05,6.93,District of Columbia,District of Columbia,11001
177,10,3,65.55,23.73,0.29,4.33,0.03,6.07,New Castle County,Delaware,10003
178,12,9,82.99,10.08,0.39,2.09,0.09,4.36,Brevard County,Florida,12009
179,12,15,90.05,5.68,0.26,1.2,0.04,2.78,Charlotte County,Florida,12015
180,12,1,69.6,20.33,0.31,5.35,0.05,4.35,Alachua County,Florida,12001
181,12,5,82.16,10.77,0.68,1.99,0.1,4.31,Bay County,Florida,12005
182,12,7,76.44,20.42,0.32,0.53,0.05,2.25,Bradford County,Florida,12007
183,12,11,63.05,26.74,0.29,3.25,0.05,6.61,Broward County,Florida,12011
184,12,27,66.24,12.71,0.39,0.51,0.03,20.11,DeSoto County,Florida,12027
185,12,3,83.67,13.57,0.28,0.49,0.02,1.98,Baker County,Florida,12003
186,12,13,80.81,13.75,1.13,0.51,0.08,3.72,Calhoun County,Florida,12013
187,12,17,93.0,2.82,0.34,1.41,0.03,2.4,Citrus County,Florida,12017
188,12,19,81.78,9.87,0.46,2.93,0.11,4.86,Clay County,Florida,12019
189,12,21,83.85,6.56,0.35,1.09,0.04,8.11,Collier County,Florida,12021
190,12,29,88.81,8.44,0.42,0.29,0.01,2.03,Dixie County,Florida,12029
191,12,23,77.91,17.5,0.51,0.92,0.06,3.1,Columbia County,Florida,12023
192,12,41,90.89,5.3,0.5,0.35,0.07,2.89,Gilchrist County,Florida,12041
193,12,31,60.87,29.51,0.39,4.15,0.09,4.99,Duval County,Florida,12031
194,12,33,68.88,22.94,0.88,2.75,0.14,4.41,Escambia County,Florida,12033
195,12,35,82.25,11.37,0.28,2.14,0.06,3.9,Flagler County,Florida,12035
196,12,37,82.6,13.76,0.5,0.23,0.06,2.85,Franklin County,Florida,12037
197,12,39,35.88,56.04,0.3,0.49,0.04,7.25,Gadsden County,Florida,12039
198,12,57,71.28,16.68,0.39,3.42,0.08,8.15,Hillsborough County,Florida,12057
199,12,43,71.04,12.33,4.57,0.4,0.02,11.65,Glades County,Florida,12043
200,12,45,78.07,18.67,0.4,0.29,0.03,2.55,Gulf County,Florida,12045
201,12,47,59.81,34.48,0.63,0.51,0.0,4.57,Hamilton County,Florida,12047
202,12,49,72.17,6.98,0.62,1.07,0.04,19.11,Hardee County,Florida,12049
203,12,51,59.88,13.44,1.72,0.71,0.06,24.19,Hendry County,Florida,12051
204,12,53,89.48,5.1,0.35,1.08,0.04,3.95,Hernando County,Florida,12053
205,12,55,80.95,9.38,0.48,1.46,0.05,7.69,Highlands County,Florida,12055
206,12,69,82.01,9.8,0.5,1.74,0.07,5.88,Lake County,Florida,12069
207,12,65,60.38,36.18,0.25,0.39,0.03,2.78,Jefferson County,Florida,12065
208,12,67,77.43,15.91,0.43,0.15,0.02,6.07,Lafayette County,Florida,12067
209,12,59,90.55,5.76,0.8,0.44,0.14,2.32,Holmes County,Florida,12059
210,12,61,84.29,8.98,0.3,1.21,0.04,5.19,Indian River County,Florida,12061
211,12,63,69.1,26.6,0.67,0.48,0.1,3.05,Jackson County,Florida,12063
212,12,85,87.27,5.36,0.57,1.05,0.07,5.67,Martin County,Florida,12085
213,12,71,82.99,8.25,0.35,1.37,0.06,6.97,Lee County,Florida,12071
214,12,73,62.97,30.32,0.28,2.92,0.05,3.46,Leon County,Florida,12073
215,12,75,85.48,9.39,0.42,0.56,0.06,4.09,Levy County,Florida,12075
216,12,77,77.25,17.9,1.06,0.2,0.0,3.59,Liberty County,Florida,12077
217,12,79,57.58,38.81,0.48,0.24,0.0,2.88,Madison County,Florida,12079
218,12,81,81.88,8.74,0.32,1.63,0.07,7.35,Manatee County,Florida,12081
219,12,83,80.98,12.32,0.4,1.33,0.04,4.93,Marion County,Florida,12083
220,12,101,88.18,4.45,0.35,2.11,0.06,4.84,Pasco County,Florida,12101
221,12,86,73.78,18.95,0.2,1.51,0.03,5.54,Miami-Dade County,Florida,12086
222,12,87,89.49,5.74,0.4,1.11,0.1,3.16,Monroe County,Florida,12087
223,12,89,89.76,6.37,0.42,0.87,0.07,2.51,Nassau County,Florida,12089
224,12,97,70.95,11.3,0.54,2.76,0.11,14.34,Osceola County,Florida,12097
225,12,99,73.49,17.32,0.46,2.36,0.06,6.32,Palm Beach County,Florida,12099
226,12,91,81.06,9.29,0.59,2.95,0.2,5.91,Okaloosa County,Florida,12091
227,12,93,77.53,8.01,0.95,0.88,0.07,12.56,Okeechobee County,Florida,12093
228,12,95,63.6,20.79,0.4,4.94,0.11,10.17,Orange County,Florida,12095
229,12,117,78.22,11.14,0.33,3.71,0.06,6.53,Seminole County,Florida,12117
230,12,103,82.14,10.34,0.32,2.96,0.09,4.15,Pinellas County,Florida,12103
231,12,105,75.21,14.75,0.45,1.62,0.06,7.9,Polk County,Florida,12105
232,12,107,77.28,16.18,0.48,0.61,0.07,5.38,Putnam County,Florida,12107
233,12,109,89.35,5.62,0.29,2.06,0.08,2.6,St. Johns County,Florida,12109
234,12,111,71.76,19.09,0.4,1.56,0.06,7.13,St. Lucie County,Florida,12111
235,12,113,87.81,5.42,0.86,1.82,0.14,3.94,Santa Rosa County,Florida,12113
236,12,115,90.15,4.69,0.25,1.29,0.04,3.57,Sarasota County,Florida,12115
237,12,129,81.96,14.5,0.62,0.56,0.06,2.3,Wakulla County,Florida,12129
238,12,119,86.59,9.66,0.38,0.66,0.04,2.66,Sumter County,Florida,12119
239,12,121,82.55,11.44,0.51,0.55,0.04,4.92,Suwannee County,Florida,12121
240,2,20,65.96,5.56,7.93,8.08,2.02,10.45,Anchorage Municipality,Alaska,02020
241,2,50,11.13,0.38,82.93,0.94,0.16,4.46,Bethel Census Area,Alaska,02050
242,2,150,55.34,0.68,13.22,19.57,0.64,10.55,Kodiak Island Borough,Alaska,02150
243,2,100,83.17,0.4,9.17,0.56,0.0,6.7,Haines Borough,Alaska,02100
244,2,105,47.16,0.37,41.4,0.56,0.05,10.47,Hoonah-Angoon Census Area,Alaska,02105
245,2,110,69.75,0.89,11.8,6.14,0.7,10.72,Juneau City and Borough,Alaska,02110
246,2,122,84.58,0.49,7.37,1.14,0.21,6.21,Kenai Peninsula Borough,Alaska,02122
247,2,130,68.09,0.58,14.17,7.0,0.2,9.97,Ketchikan Gateway Borough,Alaska,02130
248,2,220,65.29,0.53,16.81,5.96,0.34,11.08,Sitka City and Borough,Alaska,02220
249,2,164,23.3,0.55,65.05,0.37,0.31,10.42,Lake and Peninsula Borough,Alaska,02164
250,2,170,84.88,0.96,5.51,1.23,0.25,7.17,Matanuska-Susitna Borough,Alaska,02170
251,2,180,16.35,0.28,75.84,1.01,0.09,6.42,Nome Census Area,Alaska,02180
252,2,185,33.37,1.0,54.08,4.51,1.1,5.94,North Slope Borough,Alaska,02185
253,2,188,11.25,0.49,81.36,0.56,0.16,6.18,Northwest Arctic Borough,Alaska,02188
254,2,195,71.06,0.39,16.09,2.62,0.18,9.65,Petersburg Census Area,Alaska,02195
255,2,198,50.35,0.31,39.7,0.38,0.38,8.89,Prince of Wales-Hyder Census Area,Alaska,02198
256,2,275,72.56,0.17,16.21,1.39,0.04,9.62,Wrangell City and Borough,Alaska,02275
257,2,230,91.43,0.0,3.51,0.52,0.1,4.44,Skagway Municipality,Alaska,02230
258,2,240,80.4,1.08,11.5,0.91,0.26,5.86,Southeast Fairbanks Census Area,Alaska,02240
259,2,261,73.96,0.48,13.65,3.67,0.56,7.68,Valdez-Cordova Census Area,Alaska,02261
260,2,282,42.45,0.3,35.8,4.08,1.81,15.56,Yakutat City and Borough,Alaska,02282
261,2,270,2.69,0.01,94.99,0.24,0.0,2.06,Wade Hampton Census Area,Alaska,02270
262,4,9,72.08,1.84,14.44,0.54,0.14,10.97,Graham County,Arizona,04009
263,2,290,22.24,0.18,71.44,0.25,0.11,5.78,Yukon-Koyukuk Census Area,Alaska,02290
264,4,1,23.26,0.24,72.92,0.28,0.04,3.25,Apache County,Arizona,04001
265,4,3,78.48,4.16,1.21,1.92,0.32,13.91,Cochise County,Arizona,04003
266,4,7,76.8,0.43,14.83,0.51,0.09,7.34,Gila County,Arizona,04007
267,4,5,61.72,1.21,27.31,1.37,0.12,8.26,Coconino County,Arizona,04005
268,4,23,73.46,0.38,0.69,0.54,0.03,24.9,Santa Cruz County,Arizona,04023
269,4,11,77.21,1.05,2.31,0.55,0.06,18.82,Greenlee County,Arizona,04011
270,4,12,69.82,0.63,12.83,0.52,0.03,16.16,La Paz County,Arizona,04012
271,4,13,73.01,4.99,2.05,3.46,0.2,16.28,Maricopa County,Arizona,04013
272,4,15,86.86,0.94,2.25,1.05,0.17,8.73,Mohave County,Arizona,04015
273,4,17,49.3,0.87,43.38,0.54,0.07,5.84,Navajo County,Arizona,04017
274,4,19,74.34,3.54,3.33,2.62,0.17,16.0,Pima County,Arizona,04019
275,4,21,72.39,4.58,5.57,1.73,0.42,15.31,Pinal County,Arizona,04021
276,5,15,89.61,0.38,0.91,0.6,0.14,8.37,Carroll County,Arkansas,05015
277,4,25,89.33,0.6,1.68,0.85,0.1,7.44,Yavapai County,Arizona,04025
278,4,27,70.44,2.01,1.56,1.19,0.16,24.65,Yuma County,Arizona,04027
279,5,1,71.82,24.51,0.19,0.48,0.01,2.99,Arkansas County,Arkansas,05001
280,5,11,60.25,27.57,0.49,0.23,0.01,11.44,Bradley County,Arkansas,05011
281,5,9,96.53,0.2,0.71,0.42,0.06,2.08,Boone County,Arkansas,05009
282,5,3,69.29,25.81,0.32,0.18,0.01,4.38,Ashley County,Arkansas,05003
283,5,5,96.91,0.16,0.56,0.41,0.04,1.92,Baxter County,Arkansas,05005
284,5,7,82.6,1.27,1.69,2.85,0.3,11.28,Benton County,Arkansas,05007
285,5,13,74.53,22.21,0.28,0.2,0.0,2.78,Calhoun County,Arkansas,05013
286,5,17,41.22,54.08,0.19,0.47,0.03,4.01,Chicot County,Arkansas,05017
287,5,29,84.22,11.21,0.71,0.39,0.02,3.44,Conway County,Arkansas,05029
288,5,19,71.83,23.54,0.43,0.52,0.02,3.66,Clark County,Arkansas,05019
289,5,21,97.51,0.35,0.26,0.12,0.01,1.75,Clay County,Arkansas,05021
290,5,23,96.77,0.28,0.54,0.2,0.03,2.19,Cleburne County,Arkansas,05023
291,5,25,85.76,12.19,0.26,0.12,0.01,1.66,Cleveland County,Arkansas,05025
292,5,27,59.86,36.9,0.29,0.72,0.02,2.22,Columbia County,Arkansas,05027
293,5,41,47.89,47.79,0.27,0.33,0.02,3.71,Desha County,Arkansas,05041
294,5,31,81.21,13.11,0.35,1.11,0.03,4.18,Craighead County,Arkansas,05031
295,5,33,89.1,1.17,2.25,1.44,0.04,6.01,Crawford County,Arkansas,05033
296,5,35,46.06,51.18,0.27,0.59,0.02,1.89,Crittenden County,Arkansas,05035
297,5,37,75.52,22.23,0.26,0.46,0.02,1.51,Cross County,Arkansas,05037
298,5,39,55.15,41.89,0.39,0.14,0.01,2.41,Dallas County,Arkansas,05039
299,5,57,59.41,29.4,0.39,0.36,0.08,10.36,Hempstead County,Arkansas,05057
300,5,43,68.83,27.79,0.23,0.51,0.03,2.61,Drew County,Arkansas,05043
301,5,45,84.27,10.22,0.58,1.13,0.04,3.77,Faulkner County,Arkansas,05045
302,5,51,86.4,7.93,0.61,0.72,0.05,4.29,Garland County,Arkansas,05051
303,5,47,95.01,0.72,1.04,0.89,0.13,2.2,Franklin County,Arkansas,05047
304,5,49,96.83,0.33,0.65,0.23,0.01,1.96,Fulton County,Arkansas,05049
305,5,53,94.89,2.18,0.43,0.27,0.01,2.22,Grant County,Arkansas,05053
306,5,55,96.41,0.55,0.5,0.26,0.02,2.27,Greene County,Arkansas,05055
307,5,69,41.98,55.06,0.28,0.78,0.01,1.89,Jefferson County,Arkansas,05069
308,5,59,85.59,10.84,0.47,0.29,0.05,2.77,Hot Spring County,Arkansas,05059
309,5,61,71.75,20.64,0.7,0.63,0.07,6.21,Howard County,Arkansas,05061
310,5,63,91.93,1.97,0.49,0.76,0.11,4.75,Independence County,Arkansas,05063
311,5,65,95.78,1.28,0.77,0.3,0.01,1.86,Izard County,Arkansas,05065
312,5,67,79.81,16.67,0.51,0.29,0.09,2.63,Jackson County,Arkansas,05067
313,5,91,71.63,24.54,0.67,0.46,0.04,2.65,Miller County,Arkansas,05091
314,5,71,87.24,1.43,0.88,0.69,0.07,9.7,Johnson County,Arkansas,05071
315,5,73,60.72,37.21,0.22,0.34,0.0,1.5,Lafayette County,Arkansas,05073
316,5,75,97.34,0.79,0.36,0.13,0.02,1.36,Lawrence County,Arkansas,05075
317,5,77,42.03,55.27,0.47,0.39,0.02,1.82,Lee County,Arkansas,05077
318,5,79,66.56,29.88,0.27,0.19,0.01,3.1,Lincoln County,Arkansas,05079
319,5,87,93.6,0.18,1.21,0.52,0.07,4.43,Madison County,Arkansas,05087
320,5,89,96.96,0.18,0.69,0.22,0.05,1.9,Marion County,Arkansas,05089
321,5,81,75.53,19.13,1.46,0.3,0.02,3.58,Little River County,Arkansas,05081
322,5,83,93.25,1.33,1.06,1.61,0.02,2.73,Logan County,Arkansas,05083
323,5,85,89.76,5.96,0.53,0.78,0.05,2.93,Lonoke County,Arkansas,05085
324,5,103,56.98,40.08,0.33,0.36,0.02,2.23,Ouachita County,Arkansas,05103
325,5,93,61.65,34.03,0.29,0.5,0.01,3.52,Mississippi County,Arkansas,05093
326,5,95,56.25,40.86,0.36,0.44,0.0,2.09,Monroe County,Arkansas,05095
327,5,97,94.42,0.23,0.83,0.53,0.02,3.96,Montgomery County,Arkansas,05097
328,5,99,65.94,30.72,0.34,0.26,0.01,2.72,Nevada County,Arkansas,05099
329,5,101,96.05,0.11,1.08,0.3,0.01,2.45,Newton County,Arkansas,05101
330,5,109,90.01,2.92,0.62,0.5,0.01,5.93,Pike County,Arkansas,05109
331,5,105,95.16,1.88,0.67,0.16,0.02,2.12,Perry County,Arkansas,05105
332,5,107,35.01,63.06,0.23,0.31,0.0,1.38,Phillips County,Arkansas,05107
333,13,11,91.75,2.32,0.31,0.9,0.02,4.71,Banks County,Georgia,13011
334,13,13,78.81,11.37,0.27,3.43,0.05,6.07,Barrow County,Georgia,13013
335,13,17,59.24,34.61,0.32,0.71,0.01,5.1,Ben Hill County,Georgia,13017
336,13,39,74.35,19.4,0.51,1.43,0.15,4.15,Camden County,Georgia,13039
337,13,23,70.05,27.28,0.1,0.84,0.02,1.7,Bleckley County,Georgia,13023
338,13,9,54.95,41.48,0.21,1.27,0.04,2.05,Baldwin County,Georgia,13009
339,13,5,78.63,15.36,0.18,0.34,0.09,5.4,Bacon County,Georgia,13005
340,13,7,48.54,46.74,0.26,0.72,0.06,3.68,Baker County,Georgia,13007
341,13,21,43.2,52.15,0.21,1.63,0.08,2.73,Bibb County,Georgia,13021
342,13,15,82.73,10.16,0.39,0.72,0.06,5.94,Bartow County,Georgia,13015
343,13,19,84.66,10.7,0.29,0.43,0.02,3.91,Berrien County,Georgia,13019
344,13,27,59.85,35.27,0.3,0.31,0.09,4.17,Brooks County,Georgia,13027
345,13,29,80.22,14.18,0.32,1.61,0.08,3.59,Bryan County,Georgia,13029
346,13,31,67.24,27.64,0.26,1.45,0.09,3.31,Bulloch County,Georgia,13031
347,13,33,47.48,49.46,0.21,0.33,0.09,2.43,Burke County,Georgia,13033
348,13,35,69.95,27.35,0.25,0.46,0.01,1.98,Butts County,Georgia,13035
349,13,37,34.75,61.32,0.15,0.45,0.27,3.06,Calhoun County,Georgia,13037
350,13,53,68.81,18.84,0.72,2.18,0.64,8.8,Chattahoochee County,Georgia,13053
351,13,43,65.95,24.4,0.08,0.52,0.05,9.01,Candler County,Georgia,13043
352,13,45,75.62,18.18,0.35,0.77,0.03,5.05,Carroll County,Georgia,13045
353,13,47,93.59,2.18,0.33,1.22,0.05,2.62,Catoosa County,Georgia,13047
354,13,49,68.62,28.46,0.37,0.62,0.02,1.9,Charlton County,Georgia,13049
355,13,51,52.81,40.13,0.26,2.38,0.1,4.33,Chatham County,Georgia,13051
356,13,69,64.66,26.64,0.28,0.72,0.04,7.68,Coffee County,Georgia,13069
357,13,55,83.91,11.14,0.26,0.42,0.1,4.17,Chattooga County,Georgia,13055
358,13,57,86.56,5.65,0.38,1.65,0.06,5.69,Cherokee County,Georgia,13057
359,13,59,61.89,26.55,0.21,4.17,0.07,7.1,Clarke County,Georgia,13059
360,13,61,37.61,60.41,0.35,0.31,0.03,1.29,Clay County,Georgia,13061
361,13,63,18.87,66.1,0.37,4.99,0.05,9.61,Clayton County,Georgia,13063
362,13,65,67.39,27.74,0.65,0.19,0.06,3.97,Clinch County,Georgia,13065
363,13,67,62.21,24.96,0.34,4.46,0.05,7.99,Cobb County,Georgia,13067
364,13,81,53.27,43.0,0.14,0.78,0.05,2.76,Crisp County,Georgia,13081
365,13,77,75.87,17.3,0.3,1.52,0.05,4.96,Coweta County,Georgia,13077
366,13,79,74.65,22.31,0.46,0.26,0.06,2.26,Crawford County,Georgia,13079
367,13,71,64.71,22.44,0.48,0.65,0.04,11.68,Colquitt County,Georgia,13071
368,13,73,76.47,14.86,0.32,3.84,0.16,4.35,Columbia County,Georgia,13073
369,13,75,66.96,27.33,0.23,0.66,0.03,4.79,Cook County,Georgia,13075
370,13,93,45.65,49.89,0.11,0.64,0.02,3.69,Dooly County,Georgia,13093
371,13,83,96.03,0.87,0.44,0.71,0.05,1.89,Dade County,Georgia,13083
372,13,85,95.62,0.47,0.37,0.56,0.04,2.94,Dawson County,Georgia,13085
373,13,87,54.22,41.08,0.42,0.52,0.02,3.74,Decatur County,Georgia,13087
374,13,89,33.26,54.3,0.36,5.12,0.05,6.9,DeKalb County,Georgia,13089
375,13,91,66.75,29.84,0.25,0.46,0.06,2.63,Dodge County,Georgia,13091
376,13,109,58.83,29.14,0.17,0.67,0.15,11.04,Evans County,Georgia,13109
377,13,95,29.59,67.12,0.22,0.78,0.13,2.16,Dougherty County,Georgia,13095
378,13,97,52.46,39.49,0.3,1.44,0.1,6.2,Douglas County,Georgia,13097
379,13,99,48.36,49.62,0.35,0.34,0.02,1.31,Early County,Georgia,13099
380,13,101,74.94,4.24,1.78,0.32,0.05,18.67,Echols County,Georgia,13101
381,13,103,82.64,13.49,0.3,0.82,0.05,2.7,Effingham County,Georgia,13103
382,13,105,65.94,29.51,0.24,0.6,0.02,3.69,Elbert County,Georgia,13105
383,13,107,61.63,33.46,0.26,0.68,0.01,3.95,Emanuel County,Georgia,13107
384,6,77,50.97,7.55,1.05,14.37,0.55,25.51,San Joaquin County,California,06077
385,13,111,97.15,0.35,0.3,0.33,0.03,1.85,Fannin County,Georgia,13111
386,13,113,71.13,20.08,0.3,3.88,0.07,4.55,Fayette County,Georgia,13113
387,13,115,76.89,14.16,0.36,1.3,0.12,7.17,Floyd County,Georgia,13115
388,13,117,85.43,2.57,0.33,6.22,0.04,5.41,Forsyth County,Georgia,13117
389,13,119,87.3,8.38,0.19,0.55,0.02,3.56,Franklin County,Georgia,13119
390,6,73,64.01,5.11,0.85,10.86,0.5,18.67,San Diego County,California,06073
391,6,75,48.48,6.07,0.5,33.27,0.42,11.26,San Francisco County,California,06075
392,6,93,84.7,1.27,4.04,1.2,0.18,8.61,Siskiyou County,California,06093
393,6,79,82.61,2.06,0.94,3.15,0.14,11.09,San Luis Obispo County,California,06079
394,6,81,53.38,2.84,0.46,24.79,1.44,17.08,San Mateo County,California,06081
395,6,83,69.62,2.01,1.29,4.88,0.19,22.01,Santa Barbara County,California,06083
396,6,85,46.96,2.61,0.73,32.02,0.4,17.29,Santa Clara County,California,06085
397,6,87,72.49,1.05,0.86,4.24,0.13,21.23,Santa Cruz County,California,06087
398,6,89,86.74,0.87,2.79,2.48,0.15,6.96,Shasta County,California,06089
399,6,91,93.27,0.19,1.36,0.37,0.06,4.75,Sierra County,California,06091
400,6,115,68.37,3.27,2.32,6.74,0.41,18.89,Yuba County,California,06115
401,6,95,50.99,14.7,0.78,14.63,0.86,18.05,Solano County,California,06095
402,6,97,76.76,1.57,1.34,3.79,0.32,16.22,Sonoma County,California,06097
403,6,99,65.57,2.86,1.15,5.07,0.66,24.69,Stanislaus County,California,06099
404,6,101,60.96,2.03,1.44,14.42,0.3,20.86,Sutter County,California,06101
405,6,103,81.5,0.64,2.59,1.03,0.12,14.12,Tehama County,California,06103
406,6,105,87.28,0.43,4.75,0.68,0.12,6.74,Trinity County,California,06105
407,6,111,68.72,1.84,0.98,6.73,0.2,21.52,Ventura County,California,06111
408,6,113,63.17,2.59,1.1,12.97,0.45,19.71,Yolo County,California,06113
409,6,107,60.07,1.63,1.58,3.43,0.12,33.17,Tulare County,California,06107
410,6,109,87.19,2.06,1.88,1.03,0.14,7.7,Tuolumne County,California,06109
411,8,11,79.23,7.63,2.4,0.95,0.06,9.72,Bent County,Colorado,08011
412,8,1,73.32,3.07,1.34,3.61,0.13,18.53,Adams County,Colorado,08001
413,8,5,72.71,10.16,0.76,5.08,0.2,11.08,Arapahoe County,Colorado,08005
414,8,7,86.36,0.31,1.88,0.74,0.05,10.67,Archuleta County,Colorado,08007
415,8,9,92.56,0.63,1.35,0.16,0.0,5.31,Baca County,Colorado,08009
416,8,3,74.78,1.11,2.8,0.96,0.12,20.23,Alamosa County,Colorado,08003
417,8,21,76.22,0.33,2.2,0.28,0.05,20.92,Conejos County,Colorado,08021
418,8,13,87.21,0.86,0.62,4.12,0.06,7.13,Boulder County,Colorado,08013
419,8,14,86.06,1.05,0.6,6.1,0.08,6.11,Broomfield County,Colorado,08014
420,8,15,93.2,1.54,1.08,0.6,0.05,3.53,Chaffee County,Colorado,08015
421,8,17,93.19,0.38,0.71,0.6,0.05,5.07,Cheyenne County,Colorado,08017
422,8,19,95.33,0.62,0.79,0.56,0.03,2.66,Clear Creek County,Colorado,08019
423,8,37,83.15,0.69,0.66,1.01,0.03,14.46,Eagle County,Colorado,08037
424,5,123,44.24,51.9,0.52,0.48,0.03,2.82,St. Francis County,Arkansas,05123
425,5,147,69.9,27.47,0.25,0.21,0.07,2.11,Woodruff County,Arkansas,05147
426,5,115,89.51,2.89,0.76,0.98,0.04,5.82,Pope County,Arkansas,05115
427,5,119,57.49,34.97,0.41,1.96,0.07,5.1,Pulaski County,Arkansas,05119
428,1,3,85.67,9.38,0.67,0.74,0.05,3.49,Baldwin County,Alabama,01003
429,1,5,48.0,46.89,0.42,0.39,0.11,4.2,Barbour County,Alabama,01005
430,1,15,74.92,20.56,0.46,0.71,0.08,3.26,Calhoun County,Alabama,01015
431,5,111,89.85,7.22,0.24,0.18,0.02,2.49,Poinsett County,Arkansas,05111
432,5,113,92.65,0.31,1.76,0.45,0.02,4.79,Polk County,Arkansas,05113
433,5,117,86.39,12.21,0.3,0.07,0.0,1.03,Prairie County,Arkansas,05117
434,5,121,96.49,0.71,0.5,0.18,0.03,2.09,Randolph County,Arkansas,05121
435,5,125,90.53,4.66,0.51,0.87,0.02,3.41,Saline County,Arkansas,05125
436,5,127,87.96,0.47,1.85,3.42,0.03,6.28,Scott County,Arkansas,05127
437,5,129,96.0,0.15,1.17,0.13,0.02,2.53,Searcy County,Arkansas,05129
438,29,181,96.8,0.35,0.88,0.33,0.01,1.63,Ripley County,Missouri,29181
439,29,183,90.72,4.15,0.24,2.18,0.05,2.67,St. Charles County,Missouri,29183
440,29,203,96.0,0.2,0.91,0.18,0.0,2.71,Shannon County,Missouri,29203
441,29,186,97.63,0.65,0.29,0.27,0.01,1.15,Ste. Genevieve County,Missouri,29186
442,29,187,93.61,4.25,0.38,0.37,0.05,1.35,St. Francois County,Missouri,29187
443,29,189,70.27,23.33,0.2,3.46,0.03,2.71,St. Louis County,Missouri,29189
444,29,195,86.16,5.28,0.32,0.53,0.68,7.03,Saline County,Missouri,29195
445,29,197,98.6,0.02,0.16,0.23,0.0,0.99,Schuyler County,Missouri,29197
446,29,199,98.62,0.06,0.25,0.23,0.0,0.85,Scotland County,Missouri,29199
447,29,201,85.75,11.4,0.21,0.34,0.03,2.27,Scott County,Missouri,29201
448,29,215,93.56,3.37,0.69,0.31,0.03,2.04,Texas County,Missouri,29215
449,29,205,98.05,0.5,0.17,0.2,0.0,1.07,Shelby County,Missouri,29205
450,29,207,97.27,0.92,0.36,0.17,0.01,1.26,Stoddard County,Missouri,29207
451,29,209,97.2,0.16,0.57,0.3,0.03,1.75,Stone County,Missouri,29209
452,29,211,88.73,0.51,0.66,0.12,0.13,9.86,Sullivan County,Missouri,29211
453,29,213,93.61,0.87,0.79,0.65,0.09,3.98,Taney County,Missouri,29213
454,29,217,96.46,0.48,0.73,0.49,0.04,1.8,Vernon County,Missouri,29217
455,29,219,94.38,1.91,0.41,0.42,0.03,2.85,Warren County,Missouri,29219
456,29,221,95.82,2.21,0.4,0.19,0.02,1.36,Washington County,Missouri,29221
457,29,223,97.17,0.28,0.41,0.24,0.01,1.89,Wayne County,Missouri,29223
458,29,225,96.28,0.9,0.67,0.2,0.02,1.92,Webster County,Missouri,29225
459,29,227,97.7,0.55,0.23,0.28,0.0,1.24,Worth County,Missouri,29227
460,29,229,97.2,0.47,0.56,0.29,0.04,1.44,Wright County,Missouri,29229
461,29,510,43.93,49.22,0.26,2.91,0.02,3.65,St. Louis city,Missouri,29510
462,30,5,48.22,0.11,49.42,0.09,0.02,2.14,Blaine County,Montana,30005
463,30,3,31.36,0.24,64.32,0.46,0.02,3.59,Big Horn County,Montana,30003
464,30,1,94.8,0.25,1.37,0.39,0.41,2.78,Beaverhead County,Montana,30001
465,30,7,96.24,0.27,1.3,0.16,0.2,1.84,Broadwater County,Montana,30007
466,30,21,95.72,0.3,1.74,0.3,0.04,1.9,Dawson County,Montana,30021
467,30,11,97.84,0.09,0.95,0.09,0.0,1.03,Carter County,Montana,30011
468,30,9,97.17,0.33,0.83,0.22,0.03,1.42,Carbon County,Montana,30009
469,30,13,89.25,1.24,4.29,0.84,0.11,4.27,Cascade County,Montana,30013
470,30,15,75.85,0.05,21.8,0.36,0.1,1.84,Chouteau County,Montana,30015
471,30,23,93.14,0.41,3.07,0.31,0.04,3.03,Deer Lodge County,Montana,30023
472,30,25,97.37,0.07,0.42,0.59,0.07,1.49,Fallon County,Montana,30025
473,30,27,96.61,0.22,1.23,0.23,0.0,1.71,Fergus County,Montana,30027
474,30,17,95.51,0.29,1.68,0.32,0.08,2.13,Custer County,Montana,30017
475,30,19,95.72,0.17,2.11,0.23,0.0,1.77,Daniels County,Montana,30019
476,30,39,97.47,0.1,0.42,0.1,0.03,1.88,Granite County,Montana,30039
477,30,29,95.46,0.22,1.13,0.58,0.06,2.54,Flathead County,Montana,30029
478,30,31,95.05,0.32,0.87,1.15,0.08,2.53,Gallatin County,Montana,30031
479,30,33,98.59,0.25,0.41,0.08,0.0,0.66,Garfield County,Montana,30033
480,30,35,31.08,0.13,65.64,0.19,0.01,2.95,Glacier County,Montana,30035
481,30,37,94.0,0.0,1.02,0.68,0.0,4.3,Golden Valley County,Montana,30037
482,36,37,92.86,2.68,1.13,0.59,0.01,2.73,Genesee County,New York,36037
483,36,39,90.29,5.74,0.29,0.79,0.04,2.84,Greene County,New York,36039
484,36,51,93.84,2.44,0.29,1.2,0.03,2.21,Livingston County,New York,36051
485,30,41,73.91,0.31,21.73,0.42,0.04,3.6,Hill County,Montana,30041
486,30,43,95.47,0.14,1.43,0.35,0.02,2.6,Jefferson County,Montana,30043
487,30,45,98.26,0.05,0.82,0.1,0.0,0.77,Judith Basin County,Montana,30045
488,30,47,69.38,0.34,22.01,0.4,0.06,7.8,Lake County,Montana,30047
489,36,43,96.59,1.08,0.24,0.51,0.02,1.55,Herkimer County,New York,36043
490,36,41,97.29,0.72,0.23,0.5,0.08,1.18,Hamilton County,New York,36041
491,36,45,88.66,5.06,0.5,1.31,0.26,4.22,Jefferson County,New York,36045
492,36,47,42.8,34.34,0.54,10.47,0.05,11.8,Kings County,New York,36047
493,36,49,97.7,0.68,0.2,0.28,0.06,1.09,Lewis County,New York,36049
494,36,63,88.55,6.86,1.06,0.84,0.03,2.67,Niagara County,New York,36063
495,36,53,94.96,1.84,0.71,0.79,0.02,1.67,Madison County,New York,36053
496,36,55,76.11,15.2,0.29,3.26,0.03,5.1,Monroe County,New York,36055
497,36,57,90.64,1.89,0.34,0.73,0.04,6.36,Montgomery County,New York,36057
498,36,59,72.98,11.13,0.24,7.63,0.03,8.0,Nassau County,New York,36059
499,36,61,57.45,15.56,0.55,11.32,0.06,15.07,New York County,New York,36061
500,36,79,90.73,2.36,0.18,1.89,0.04,4.81,Putnam County,New York,36079
501,36,65,87.14,6.25,0.26,2.8,0.03,3.52,Oneida County,New York,36065
502,36,67,81.13,10.97,0.82,3.09,0.03,3.96,Onondaga County,New York,36067
503,36,69,93.65,2.25,0.26,1.04,0.02,2.77,Ontario County,New York,36069
504,36,71,77.2,10.18,0.47,2.39,0.03,9.74,Orange County,New York,36071
505,36,73,89.84,5.88,0.58,0.42,0.02,3.26,Orleans County,New York,36073
506,36,77,94.66,1.71,0.19,1.08,0.03,2.32,Otsego County,New York,36077
507,36,75,96.33,0.8,0.43,0.59,0.01,1.84,Oswego County,New York,36075
508,36,91,94.34,1.49,0.18,1.78,0.02,2.19,Saratoga County,New York,36091
509,36,81,39.72,19.13,0.69,22.94,0.07,17.45,Queens County,New York,36081
510,36,83,87.52,6.48,0.24,2.21,0.02,3.53,Rensselaer County,New York,36083
511,36,85,72.89,10.64,0.36,7.5,0.05,8.56,Richmond County,New York,36085
512,36,87,73.24,11.89,0.29,6.19,0.04,8.34,Rockland County,New York,36087
513,36,89,93.85,2.16,1.01,0.97,0.03,1.97,St. Lawrence County,New York,36089
514,36,107,96.93,0.73,0.17,0.73,0.03,1.41,Tioga County,New York,36107
515,36,93,79.63,9.51,0.37,3.21,0.07,7.22,Schenectady County,New York,36093
516,36,95,95.89,1.33,0.21,0.66,0.02,1.89,Schoharie County,New York,36095
517,36,97,97.06,0.87,0.26,0.29,0.02,1.51,Schuyler County,New York,36097
518,36,99,92.45,4.56,0.3,0.69,0.01,1.99,Seneca County,New York,36099
519,36,101,95.28,1.56,0.23,1.17,0.02,1.74,Steuben County,New York,36101
520,36,103,80.78,7.45,0.36,3.41,0.03,7.97,Suffolk County,New York,36103
521,36,105,81.96,9.08,0.46,1.39,0.03,7.09,Sullivan County,New York,36105
522,36,115,94.62,2.99,0.2,0.42,0.02,1.74,Washington County,New York,36115
523,36,109,82.65,3.96,0.35,8.6,0.04,4.39,Tompkins County,New York,36109
524,36,111,86.68,6.02,0.33,1.7,0.02,5.25,Ulster County,New York,36111
525,36,113,96.48,0.9,0.22,0.69,0.01,1.7,Warren County,New York,36113
526,36,117,92.94,3.08,0.28,0.5,0.03,3.18,Wayne County,New York,36117
527,36,119,68.11,14.55,0.42,5.45,0.04,11.43,Westchester County,New York,36119
528,36,121,91.57,5.63,0.3,0.38,0.02,2.1,Wyoming County,New York,36121
529,36,123,97.23,0.8,0.15,0.38,0.02,1.42,Yates County,New York,36123
530,37,7,47.15,48.58,0.61,1.07,0.01,2.58,Anson County,North Carolina,37007
531,37,11,91.95,3.98,0.42,0.31,0.04,3.29,Avery County,North Carolina,37011
532,37,3,89.59,5.49,0.26,0.97,0.03,3.66,Alexander County,North Carolina,37003
533,37,15,35.18,62.48,0.45,0.48,0.03,1.38,Bertie County,North Carolina,37015
534,37,13,68.16,25.59,0.44,0.35,0.04,5.43,Beaufort County,North Carolina,37013
535,37,5,92.23,1.26,0.24,0.48,0.03,5.76,Alleghany County,North Carolina,37005
536,37,1,71.08,18.77,0.67,1.22,0.04,8.22,Alamance County,North Carolina,37001
537,37,9,95.49,0.59,0.24,0.38,0.03,3.27,Ashe County,North Carolina,37009
538,37,17,56.28,34.86,2.13,0.2,0.01,6.51,Bladen County,North Carolina,37017
539,18,61,97.4,0.45,0.22,0.39,0.03,1.5,Harrison County,Indiana,18061
540,18,73,95.75,0.63,0.2,0.4,0.03,2.98,Jasper County,Indiana,18073
541,18,59,95.2,2.07,0.22,0.8,0.03,1.68,Hancock County,Indiana,18059
542,37,19,83.02,11.44,0.71,0.54,0.04,4.25,Brunswick County,North Carolina,37019
543,37,21,87.36,6.38,0.4,1.01,0.12,4.73,Buncombe County,North Carolina,37021
544,37,23,84.38,6.61,0.36,3.5,0.33,4.81,Burke County,North Carolina,37023
545,18,63,90.15,4.87,0.2,2.08,0.04,2.66,Hendricks County,Indiana,18063
546,18,65,95.73,2.16,0.15,0.32,0.01,1.63,Henry County,Indiana,18065
547,18,67,88.56,6.86,0.35,0.89,0.02,3.31,Howard County,Indiana,18067
548,18,69,97.14,0.43,0.38,0.45,0.02,1.58,Huntington County,Indiana,18069
549,18,71,94.5,0.67,0.21,0.85,0.06,3.72,Jackson County,Indiana,18071
550,18,89,64.4,25.86,0.33,1.24,0.02,8.16,Lake County,Indiana,18089
551,18,75,97.02,0.28,0.11,0.37,0.0,2.23,Jay County,Indiana,18075
552,18,77,95.21,1.67,0.21,0.65,0.02,2.23,Jefferson County,Indiana,18077
553,18,79,96.8,0.76,0.11,0.22,0.0,2.12,Jennings County,Indiana,18079
554,18,87,96.62,0.32,0.19,0.32,0.01,2.55,LaGrange County,Indiana,18087
555,18,85,93.32,0.74,0.3,0.84,0.02,4.78,Kosciusko County,Indiana,18085
556,18,81,93.9,1.13,0.23,1.96,0.03,2.74,Johnson County,Indiana,18081
557,18,83,94.89,2.62,0.19,0.56,0.03,1.71,Knox County,Indiana,18083
558,12,123,75.16,20.69,0.8,0.68,0.03,2.65,Taylor County,Florida,12123
559,12,125,75.02,22.2,0.37,0.22,0.01,2.18,Union County,Florida,12125
560,12,127,82.54,10.47,0.36,1.53,0.04,5.05,Volusia County,Florida,12127
561,13,1,73.4,18.6,0.37,0.69,0.13,6.81,Appling County,Georgia,13001
562,13,25,94.4,2.92,0.32,0.21,0.01,2.15,Brantley County,Georgia,13025
